{
  "advancedEditorSelectedIdentifier" : "ProjectBrowser",
  "openSceneRelativePaths" : [
    "Immersive.usda"
  ],
  "recentIdentifiers" : {
    "AF09ED6F-1707-48FD-8720-65B998362C09" : [

    ],
    "F998514C-5501-4E33-BC5F-EE31EE1F2455" : [

    ]
  },
  "sceneCameraHistory" : {
    "AF09ED6F-1707-48FD-8720-65B998362C09" : [
      {
        "date" : 746849099.106207,
        "title" : "Untitled",
        "transform" : [
          0.98666316,
          -2.0445068e-10,
          -0.16277555,
          0,
          -0.09853745,
          0.7959536,
          -0.597284,
          0,
          0.1295618,
          0.60535747,
          0.7853383,
          0,
          0.7900864,
          2.1252513,
          2.6614077,
          1
        ]
      },
      {
        "date" : 746849072.612302,
        "title" : "Untitled",
        "transform" : [
          0.89070904,
          -7.1345463e-10,
          -0.454574,
          0,
          -0.3292748,
          0.6894229,
          -0.6451931,
          0,
          0.31339377,
          0.7243589,
          0.61407536,
          0,
          1.3908383,
          2.5366871,
          1.963366,
          1
        ]
      },
      {
        "date" : 746849063.107597,
        "title" : "Untitled",
        "transform" : [
          0.9788455,
          -5.865264e-11,
          0.20460081,
          0,
          0.07953336,
          0.92135406,
          -0.38050133,
          0,
          -0.18850982,
          0.38872448,
          0.90186334,
          0,
          -1.2084291,
          0.8659582,
          2.6414359,
          1
        ]
      },
      {
        "date" : 746849043.092405,
        "title" : "Untitled",
        "transform" : [
          0.8919547,
          -7.325773e-11,
          0.45212474,
          0,
          0.17057884,
          0.92609817,
          -0.3365191,
          0,
          -0.41871196,
          0.37728262,
          0.82603765,
          0,
          -1.856866,
          0.83082724,
          2.2423344,
          1
        ]
      },
      {
        "date" : 746849027.420726,
        "title" : "Untitled",
        "transform" : [
          0.6885729,
          2.841516e-10,
          0.72516716,
          0,
          0.30190226,
          0.9092177,
          -0.2866673,
          0,
          -0.65933496,
          0.41632086,
          0.62606275,
          0,
          -3.051803,
          0.9994563,
          1.5873454,
          1
        ]
      },
      {
        "date" : 746848953.013723,
        "title" : "Untitled",
        "transform" : [
          0.999467,
          4.876256e-10,
          -0.032645304,
          0,
          -0.012576465,
          0.92281395,
          -0.3850405,
          0,
          0.030125543,
          0.38524577,
          0.9223222,
          0,
          0.11066255,
          0.8648887,
          2.4392474,
          1
        ]
      },
      {
        "date" : 746848942.684978,
        "title" : "Untitled",
        "transform" : [
          0.9971828,
          4.112783e-10,
          -0.07500969,
          0,
          -0.023544667,
          0.94945985,
          -0.31300408,
          0,
          0.0712187,
          0.31388834,
          0.94678515,
          0,
          0.21843368,
          0.67654073,
          2.4909408,
          1
        ]
      },
      {
        "date" : 746848922.073702,
        "title" : "Untitled",
        "transform" : [
          0.9984726,
          4.0556186e-10,
          0.055248503,
          0,
          0.014078008,
          0.9669905,
          -0.2544232,
          0,
          -0.053424787,
          0.25481236,
          0.96551365,
          0,
          -0.10925192,
          0.5212549,
          2.5350668,
          1
        ]
      },
      {
        "date" : 746848920.254575,
        "title" : "Untitled",
        "transform" : [
          0.99340224,
          1.0311307e-11,
          -0.11468197,
          0,
          -0.04745886,
          0.9103542,
          -0.41109988,
          0,
          0.10440121,
          0.4138302,
          0.9043479,
          0,
          0.30754355,
          0.94059163,
          2.393932,
          1
        ]
      },
      {
        "date" : 746848728.690145,
        "title" : "Untitled",
        "transform" : [
          1,
          0,
          0,
          0,
          0,
          0.7071069,
          -0.70710677,
          0,
          0,
          0.70710677,
          0.7071069,
          0,
          0.030973613,
          1.7280493,
          1.9295316,
          1
        ]
      }
    ],
    "F998514C-5501-4E33-BC5F-EE31EE1F2455" : [
      {
        "date" : 746848892.615457,
        "title" : "Untitled",
        "transform" : [
          0.9987759,
          -8.479577e-10,
          -0.049463924,
          0,
          -0.0053225746,
          0.99419373,
          -0.10747354,
          0,
          0.049176723,
          0.10760524,
          0.9929768,
          0,
          0.12718576,
          0.2782995,
          2.5681357,
          1
        ]
      }
    ]
  },
  "sceneViewportBackgroundColors" : {

  },
  "selectedSceneRelativePath" : "Immersive.usda"
}